47
0 1 0 1 0 1 0 1 0 1 0 1 0 1 0 1 0 1 0 1 0 1 0 1 0 1 0 4 0 4 0 4 0 3 2 3 2 3 2 3 2 3 2 3 2 3 2 
1 0 h120  502.32    0.00 0 3 0
1 0 h120  669.76    0.00 0 4 0
1 0 l200  837.20    0.00 0 5 0
1 0 l300 1004.64    0.00 0 6 0
1 0 l300 1172.09    0.00 0 7 0
1 0 l300 1339.53    0.00 0 8 0
1 0 h120  418.60  145.01 0 3 1
1 0 h120  586.04  145.01 0 4 1
1 0 h120  753.48  145.01 0 5 1
1 0 l300  920.92  145.01 0 6 1
1 0 l300 1088.37  145.01 0 7 1
1 0 l300 1255.81  145.01 0 8 1
1 0 l300 1423.25  145.01 0 9 1
1 0 h120  334.88  290.02 0 3 2
1 0 h120  502.32  290.02 0 4 2
1 0 h120  669.76  290.02 0 5 2
1 0 l200  837.20  290.02 0 6 2
1 0 l300 1004.64  290.02 0 7 2
1 0 l300 1172.09  290.02 0 8 2
1 0 l300 1339.53  290.02 0 9 2
1 0 h120  -83.72  435.02 0 1 3
1 0 h120   83.72  435.02 0 2 3
1 0 h120  251.16  435.02 0 3 3
1 0 h120  418.60  435.02 0 4 3
1 0 h120  586.04  435.02 0 5 3
1 0 l200  753.48  435.02 0 6 3
1 0 l300  920.92  435.02 0 7 3
1 0 l300 1088.37  435.02 0 8 3
1 0 l300 1255.81  435.02 0 9 3
1 0 h120 -167.44  580.03 0 1 4
1 0 h120    0.00  580.03 0 2 4
1 0 h120  167.44  580.03 0 3 4
1 0 h120  334.88  580.03 0 4 4
1 0 h120  502.32  580.03 0 5 4
1 0 l200  669.76  580.03 0 6 4
1 0 l300  837.20  580.03 0 7 4
1 0 l300 1004.64  580.03 0 8 4
1 0 l300 1172.09  580.03 0 9 4
1 0 h120 -251.16  725.04 0 1 5
1 0 h120  -83.72  725.04 0 2 5
1 0 h120   83.72  725.04 0 3 5
1 0 h120  251.16  725.04 0 4 5
1 0 l200  418.60  725.04 0 5 5
1 0 l300  586.04  725.04 0 6 5
1 0 l300  753.48  725.04 0 7 5
1 0 l300  920.92  725.04 0 8 5
1 0 l300 1088.37  725.04 0 9 5
1 0 l300 -334.88  870.05 0 1 6
1 0 l200 -167.44  870.05 0 2 6
1 0 l200    0.00  870.05 0 3 6
1 0 l200  167.44  870.05 0 4 6
1 0 l300  334.88  870.05 0 5 6
1 0 l300  502.32  870.05 0 6 6
1 0 l300  669.76  870.05 0 7 6
1 0 l300  837.20  870.05 0 8 6
1 0 l300 1004.64  870.05 0 9 6
